   3.3391401e+02   7.6909966e+02
   3.3830945e+02   8.4576187e+02
   3.4820477e+02   9.2161716e+02
   3.5725613e+02   9.9763501e+02
   3.7295974e+02   1.0708158e+03
   4.0570296e+02   1.1335017e+03
   4.5427039e+02   1.1846061e+03
   5.1908053e+02   1.2272672e+03
   6.0285030e+02   1.2420660e+03
   6.9001247e+02   1.2362618e+03
   7.7044604e+02   1.2006702e+03
   8.3642752e+02   1.1481306e+03
   8.8289721e+02   1.0812456e+03
   9.0703560e+02   1.0003919e+03
   9.1682965e+02   9.1601306e+02
   9.2591804e+02   8.3140757e+02
   9.3048797e+02   7.4605831e+02
   3.6718181e+02   6.8193655e+02
   3.9960043e+02   6.3633631e+02
   4.5176597e+02   6.1866941e+02
   5.0646723e+02   6.2032949e+02
   5.5557286e+02   6.3761364e+02
   6.4772673e+02   6.2760299e+02
   7.0501446e+02   6.0647098e+02
   7.6271849e+02   6.0318900e+02
   8.1980107e+02   6.1811840e+02
   8.5849412e+02   6.5968059e+02
   6.0091319e+02   7.0272366e+02
   5.9891158e+02   7.5604892e+02
   5.9624658e+02   8.0894724e+02
   5.9348100e+02   8.6335029e+02
   5.4626162e+02   9.0456354e+02
   5.7328901e+02   9.1394603e+02
   6.0252036e+02   9.2259065e+02
   6.3294134e+02   9.1082558e+02
   6.6184469e+02   9.0120894e+02
   4.2915873e+02   7.3506310e+02
   4.5634178e+02   7.1132868e+02
   4.9401944e+02   7.0881116e+02
   5.2711583e+02   7.3279080e+02
   4.9455276e+02   7.4355314e+02
   4.5809381e+02   7.4616818e+02
   6.9279730e+02   7.2369782e+02
   7.2250814e+02   6.9828691e+02
   7.6109921e+02   6.9726419e+02
   7.9183708e+02   7.1935700e+02
   7.6517703e+02   7.3125100e+02
   7.2805015e+02   7.3202952e+02
   5.0448636e+02   1.0337411e+03
   5.4293683e+02   1.0073329e+03
   5.7998473e+02   9.9415450e+02
   6.0997231e+02   1.0006119e+03
   6.4542957e+02   9.9188394e+02
   6.9153464e+02   1.0026912e+03
   7.3739292e+02   1.0239850e+03
   6.9586400e+02   1.0497159e+03
   6.5197577e+02   1.0601873e+03
   6.1516765e+02   1.0643522e+03
   5.8454817e+02   1.0635790e+03
   5.4658125e+02   1.0594287e+03
   5.2280401e+02   1.0331199e+03
   5.8105062e+02   1.0237805e+03
   6.1108667e+02   1.0252282e+03
   6.4754647e+02   1.0208142e+03
   7.1920572e+02   1.0244650e+03
   6.4892196e+02   1.0269823e+03
   6.1255303e+02   1.0313774e+03
   5.8225765e+02   1.0293332e+03
